6
1 38
4 4 15 16 17 24 25 30 35 40 44 53 56 61 63 71 72 75 80 81 84 89 96 98 103 110 113 118 124 128 129 134 134 139 148 157 160 160
1 27
1 8 10 16 19 22 27 33 36 40 47 52 56 61 63 71 72 75 81 81 84 88 96 98 103 110 113
1 30
47 52 56 61 63 71 72 75 81 81 84 88 96 98 103 110 113 118 124 128 129 134 134 139 148 157 157 160 162 164
3 38
4 4 15 16 17 24 25 30 35 40 44 53 56 61 63 71 72 75 80 81 84 89 96 98 103 110 113 118 124 128 129 134 134 139 148 157 160 160
1 27
17 24 25 30 35 40 44 53 56 61 63 71 72 75 80 81 84 89 96 98 103 110 113 118 124 128 129
1 30
27 32 36 41 53 61 72 85 181 281 384 488 596 698 713 720 743 748 754 768 809 814 834 839 848 907 917 920 932 1164

